2.082165
6.375428
4.076896
3.822507
5.694453
3.550886
4.957752
3.660137
4.872591
5.136057
9.17572
4.471107
3.371064
2.892355
4.622609
3.19394
1.794988
2.985738
1.755883
3.450956
2.080757
3.963432
6.133145
6.310764
5.727893
1.542399
8.715881
19.32354
11.90504
44.3855
10.77863
12.44541
18.40167
9.080461
15.05757
11.50261
15.72772
13.76563
18.66395
13.0535
8.853318
22.37842
19.65957
8.480494
14.63397
16.87954
13.44141
14.75767
14.42466
23.29829
9.904001
29.86447
27.27853
10.94695
10.78736
32.58098
13.33451
12.89833
12.7104
19.86623
16.76061
6.928526
20.65166
9.952737
9.386188
16.75343
16.92005
8.982687
15.06754
10.41682
12.62216
17.36975
19.92116
10.99228
12.96205
7.310974
12.67756
18.25122
14.55442
13.52787
16.41779
8.623772
8.169678
13.70541
6.561557
16.33741
5.650291
21.21272
34.32698
33.58286
28.64108
39.14566
5.432884
2.143944
20.99919
25.88637
9.489498
18.69316
12.88573
19.52147
49.96364
42.55281
3.755515
9.179214
33.55913
8.424356
11.95809
7.127606
7.063599
9.103751
7.430119
16.66837
24.33555
10.93234
5.604945
